[[16, 586.0, 224.99998474121094, 639.0, 268.0],
 [15, 548.5, 224.25, 609.5, 270.75],
 [14, 525.75, 226.5, 585.25, 272.5],
 [13, 478.75, 228.24998474121094, 555.25, 275.75],
 [11, 374.75, 229.49998474121094, 441.25, 278.5],
 [12, 431.5, 230.25, 503.5, 279.75],
 [10, 317.5, 234.5, 392.5, 283.5],
 [9, 278.75, 243.5, 363.25, 295.5],
 [8, 231.5, 245.75, 311.5, 307.25],
 [7, 179.5, 249.5, 258.5, 311.5],
 [6, 137.25, 258.75, 216.75, 328.25],
 [5, 88.5, 278.25, 161.5, 343.75],
 [4, 36.25, 281.5, 121.75, 365.5],
 [21, 588.0, 283.0, 639.0, 387.0],
 [22, 534.5, 286.25, 604.5, 387.75],
 [23, 414.75, 289.75, 533.25, 419.25],
 [24, 297.25, 301.0, 448.75, 431.0],
 [3, 0.0, 354.0, 93.0, 424.0],
 [2, 4.0, 393.0, 118.0, 459.0]]