0 0.0984375 0.9364583333333333 0.196875 0.12291666666666666
1 0.0875 0.834375 0.175 0.16875
2 0.078125 0.7125 0.15625 0.175
3 0.1203125 0.6333333333333333 0.109375 0.15416666666666667
4 0.1984375 0.5958333333333333 0.128125 0.12083333333333333
5 0.27421875 0.5770833333333333 0.1328125 0.13333333333333333
6 0.37578125 0.5541666666666667 0.1328125 0.125
7 0.43515625 0.5385416666666667 0.1328125 0.11875
8 0.5109375 0.5364583333333334 0.13125 0.11875
9 0.578125 0.528125 0.125 0.11458333333333333
10 0.6953125 0.553125 0.1375 0.09375
11 0.75703125 0.5520833333333334 0.0921875 0.0875
12 0.83203125 0.5489583333333333 0.1078125 0.08541666666666667
13 0.87109375 0.5458333333333333 0.0953125 0.08333333333333333
14 0.93203125 0.553125 0.0859375 0.07291666666666667
15 0.965625 0.7177083333333333 0.065625 0.18125
16 0.8953125 0.721875 0.096875 0.20625
17 0.75390625 0.7427083333333333 0.1703125 0.21875
18 0.6078125 0.7447916666666666 0.184375 0.22291666666666668
